# https://yzengal.github.io/datasets/
# Vertex coordinates for Hongkong road network
#
# this road network has 43620 vertices and 91542 edges
# Line 1~91542:  u, v, Distance(u,v)   (unit is meter)
0 28242 8.117711
0 19997 7.056233
1 4265 4.748255
1 11486 51.519945
2 15858 8.495529
2 11157 8.505078
3 9441 48.839860
3 5 10.194936
3 18734 20.425225
4 512 5.561745
4 42596 6.673283
5 3 10.194936
5 39843 6.658401
6 28092 3.333261
6 4311 3.969269
7 9918 5.909241
7 9935 4.472443
8 16334 4.928131
8 16335 5.689987
9 5818 5.264357
9 11915 4.263922
10 6465 5.089279
10 11915 5.767127
11 16132 12.662805
11 16133 11.698837
12 16179 6.165422
12 15932 8.570041
13 15932 9.296884
13 16181 7.600768
14 16132 5.493220
14 16181 7.655153
15 29403 22.859384
15 2191 5.586015
16 29402 2.930100
16 12794 1.896926
17 21022 20.575455
17 23318 9.062079
18 19363 1.606006
18 12301 1.343009
19 38491 26.664401
19 38492 26.657128
20 16388 2.669178
20 16422 2.358884
21 33826 82.016756
21 10741 40.553545
22 42864 8.504548
22 12437 33.340731
23 24 11.930127
23 2434 21.610977
23 2435 15.796211
24 2435 13.743389
24 15957 5.485827
24 23 11.930127
25 37669 21.858070
25 37679 32.086682
26 27 20.499708
26 14509 26.457965
27 169 22.201533
27 26 20.499708
28 43235 141.086853
28 11196 27.383562
29 20411 21.757166
29 21244 12.612495
30 24937 19.054174
30 5274 17.868586
31 6458 12.350575
32 29748 4.601645
33 41612 4.212856
33 1198 9.801208
34 11578 18.288858
34 12822 7.504046
35 42104 6.538814
35 13352 9.400586
36 32706 8.488626
36 675 9.263358
36 11683 17.796774
36 5982 15.841818
37 38 6.871038
37 11183 4.268150
38 3075 10.699495
38 37 6.871038
39 8187 12.386304
39 39276 11.090606
40 13361 6.398703
40 12826 6.392358
41 3629 2.394929
41 2799 4.544455
42 23355 16.107156
42 24727 10.417633
43 12828 10.715498
43 33735 8.993150
44 26296 11.107264
44 26306 7.530439
44 26308 2.400570
44 45 6.645522
45 26297 11.205479
45 26307 7.381055
45 44 6.645522
46 13381 8.171966
46 13374 9.747695
47 16385 3.871502
47 28466 16.567532
48 6466 16.722758
48 14419 22.257518
49 31712 10.247434
49 5987 25.206035
50 31713 11.479784
50 14418 25.986103
51 10779 3.812822
51 491 3.805720
52 5986 140.104069
52 14703 23.767281
53 10564 17.139293
53 22951 28.925877
54 10564 15.960919
54 31965 3.743601
55 3942 131.548364
56 172 15.910835
56 30598 50.012178
57 58 16.107436
57 108 17.262242
58 57 16.107436
58 59 13.733871
59 58 13.733871
59 6766 13.778451
60 13388 10.553951
60 12830 10.550960
61 38552 8.850625
61 43601 5.602136
62 12832 7.808534
62 13390 6.431739
63 13392 6.201883
63 13396 24.427084
64 3689 32.595448
64 19949 4.261807
65 25873 3.550730
65 30173 7.325867
66 7578 7.534031
66 16330 12.769187
67 39682 11.965226
67 39851 5.163168
67 17885 6.859873
68 12754 15.463573
68 69 13.627409
69 5617 7.461864
69 1235 14.798110
69 68 13.627409
70 2491 59.342095
70 15942 28.206074
71 72 13.859049
71 34094 162.182098
71 34095 26.701748
72 19761 6.360535
72 71 13.859049
73 19761 6.407858
73 36493 11.468388
73 19807 3.871502
74 10516 6.968135
74 16271 42.563650
75 2434 57.113199
75 24238 17.346410
76 27068 18.113955
76 6470 6.400817
77 15004 3.025499
77 15023 4.460328
78 8821 18.878240
78 13462 14.584797
79 12971 39.090685
79 12999 15.621110
80 26945 37.363668
80 7538 40.135986
81 13880 119.055448
81 82 19.424948
82 81 19.424948
82 26964 5.865585
83 23378 76.015870
83 26964 14.694756
84 27010 120.623286
84 32623 12.889741
85 23378 8.945390
85 14533 42.868723
85 27015 105.067200
86 14533 29.136029
86 27029 52.388210
87 11044 49.723277
87 43207 20.749385
88 11044 29.357889
88 7021 21.715053
88 11069 5.566608
89 22884 8.969050
89 11118 6.435243
90 13040 21.897437
90 107 67.564182
91 1429 16.005494
91 95 2.821918
92 7709 2.200651
92 14413 5.280606
93 16257 6.014373
93 16258 32.362624
93 94 3.964722
94 93 3.964722
94 1429 1.964653
95 91 2.821918
95 7709 0.973103
96 3248 29.939772
96 3246 6.546396
97 16400 2.114973
97 19374 1.838991
98 38613 13.077284
98 35950 12.190353
99 4272 17.493953
99 30500 13.506428
100 18656 13.048633
100 24466 5.772597
101 7865 11.826110
101 39287 11.149809
102 38613 12.998083
102 19590 15.387570
103 5291 52.634401
103 5275 23.604893
103 43525 33.062178
104 105 10.408972
104 39906 12.390671
105 104 10.408972
105 5287 10.392497
106 22878 29.782121
106 3365 9.992567
106 41694 103.383851
107 90 67.564182
107 7437 3.874995
108 57 17.262242
108 169 21.548291
109 112 5.291695
109 29174 4.583972
110 166 34.325779
110 36151 65.782991
111 1224 34.000954
111 6648 6.411375
112 32552 5.569847
112 109 5.291695
113 15865 8.270146
113 115 16.308856
114 115 5.128115
114 15868 158.619408
115 113 16.308856
115 114 5.128115
116 163 12.001350
116 39893 9.404902
116 39894 13.996000
117 39894 10.860952
117 118 18.701134
118 117 18.701134
118 119 23.026638
119 13956 11.644751
119 118 23.026638
120 121 20.254077
120 35646 12.840321
121 120 20.254077
121 122 8.925709
122 121 8.925709
122 3303 7.973676
123 32552 5.436285
123 14630 7.425518
124 15796 22.459598
124 125 24.701881
125 7160 64.828202
125 124 24.701881
126 7160 49.720919
126 7161 21.481853
127 7161 17.681369
127 3339 13.595607
128 29132 22.999991
128 29102 26.064763
129 25960 12.761416
129 31773 11.024953
130 613 20.895343
130 27463 21.023780
131 14385 4.737797
131 33347 7.653975
132 1948 74.701084
132 43071 29.434432
133 6416 1.714640
133 42822 1.982930
134 3680 4.171984
134 1963 3.024009
135 25529 95.074153
135 42349 9.393388
136 17536 35.420837
136 8063 20.449715
137 2334 80.519542
137 4518 53.304445
138 34722 28.830942
138 33214 22.339417
139 2369 54.293301
139 2427 16.899519
140 20960 36.633888
140 36584 29.932391
140 20959 85.489375
141 26233 18.575329
141 7021 33.927669
142 34128 95.188149
142 2351 6.383181
143 3568 8.411785
143 3660 3.974945
144 26233 14.292169
144 22884 6.312144
145 15946 2.171775
145 27188 15.296163
146 7691 2.942386
146 11119 2.472742
147 24908 46.579970
147 18931 15.895240
147 148 97.820968
148 186 15.751616
148 147 97.820968
148 29620 14.310456
149 12184 2.995543
149 25657 10.803924
150 25658 2.914671
150 25659 5.047464
151 25659 4.982728
151 25661 4.205357
152 25660 3.918965
152 25661 3.637300
153 3505 31.588424
153 3483 5.841705
154 155 29.867996
154 8075 25.174888
155 154 29.867996
155 157 36.866768
156 26961 8.460959
156 9249 22.980377
157 155 36.866768
157 7358 41.893496
157 159 37.116657
158 8778 36.756279
158 2007 47.940730
159 160 23.096051
159 157 37.116657
160 15780 6.486888
160 159 23.096051
161 22370 2.533985
161 22317 1.216147
162 31708 8.138238
162 15789 28.646738
163 116 12.001350
163 15789 30.899869
164 39890 9.943259
164 39891 6.661787
165 39890 8.781576
165 167 19.453248
166 4523 3.621148
166 110 34.325779
166 207 8.619881
167 168 90.989799
167 165 19.453248
168 15794 77.582709
168 167 90.989799
169 27 22.201533
169 108 21.548291
170 172 10.901563
170 8461 9.879109
171 2059 45.577609
171 15795 16.678208
172 56 15.910835
172 170 10.901563
173 20984 7.898676
173 17977 40.521954
174 20989 13.127186
174 20990 30.889506
175 177 20.785863
175 32662 18.804289
176 177 19.645844
176 36091 20.620114
177 176 19.645844
177 175 20.785863
178 20144 20.106603
178 5295 20.870512
179 5577 10.213937
179 188 9.231663
179 41669 35.039162
180 5288 19.562350
180 20214 20.594513
181 2168 1.245456
181 187 1.044616
182 187 1.548834
182 188 1.103395
183 5577 1.411758
183 190 1.099301
184 190 1.932254
184 191 1.452687
185 37682 49.995044
185 37677 59.179642
186 25660 14.923124
186 148 15.751616
187 181 1.044616
187 182 1.548834
188 179 9.231663
188 182 1.103395
189 31079 47.227167
189 19751 123.711281
190 184 1.932254
190 183 1.099301
191 184 1.452687
191 192 30.075164
192 41669 14.857714
192 191 30.075164
193 2168 33.085492
193 41669 13.625093
193 32341 38.012147
194 19849 41.134142
194 32341 30.911979
194 20022 8.217637
195 196 6.251849
195 23103 3.698766
196 195 6.251849
196 29445 9.799368
197 36238 20.303219
198 25216 14.183221
198 25217 17.552623
199 6492 19.712980
199 6485 3.979480
200 4306 3.643493
200 1626 7.011358
201 15571 14.711317
201 15572 22.716319
202 2242 2.237229
202 2243 2.569328
203 26048 20.249178
203 22569 7.246652
204 22019 39.219782
204 22565 5.990333
205 22565 7.463073
205 22566 10.261945
206 208 6.072571
206 209 14.155216
207 43484 13.137487
207 166 8.619881
208 28696 10.615722
208 206 6.072571
209 206 14.155216
210 19491 61.454821
210 38539 13.525444
211 38539 17.586244
211 38540 5.397995
212 10536 8.954459
212 28257 65.581498
213 28268 7.477559
213 214 2.558776
214 213 2.558776
214 28270 2.828302
215 28270 2.611109
215 28271 3.559608
216 11193 15.461240
216 40170 28.624535
217 11035 1.841442
217 219 1.115587
217 6495 0.954387
218 21435 7.548382
218 21436 76.912586
219 39936 2.023448
219 217 1.115587
220 37897 5.449541
220 19492 26.518739
220 2553 4.312294
221 36434 1.551743
221 6495 1.811819
222 6505 3.237182
222 17962 4.087914
223 36314 37.338075
223 40381 11.672211
224 24514 10.892460
224 24526 9.611200
225 36404 3.836402
225 6511 8.987633
226 39936 1.560436
226 39935 1.819270
227 10588 13.600581
227 36061 9.115660
228 38322 9.434581
228 11722 41.571291
229 10587 14.270699
229 36061 9.037166
230 234 7.828143
230 231 6.272012
231 232 5.481716
231 230 6.272012
232 235 7.415187
232 231 5.481716
233 28152 13.599917
233 28164 6.217132
234 236 6.713032
234 230 7.828143
235 232 7.415187
235 237 6.729804
236 234 6.713032
236 5436 6.962309
237 235 6.729804
237 238 6.359117
238 5436 5.592469
238 237 6.359117
239 255 44.628748
240 31740 8.331530
240 42604 34.460688
241 16472 4.532532
241 28178 44.484840
242 243 9.357316
242 37766 21.039003
243 242 9.357316
243 244 8.642346
244 243 8.642346
244 245 6.212779
245 244 6.212779
245 246 12.543304
246 2644 3.253854
246 245 12.543304
247 41499 2.302781
247 255 3.917814
248 249 5.396324
248 2644 4.343550
249 248 5.396324
249 250 17.045640
250 249 17.045640
250 251 5.266070
251 250 5.266070
251 252 6.132422
252 251 6.132422
252 253 6.874975
253 252 6.874975
253 254 13.842120
254 256 7.264675
254 253 13.842120
255 11000 19.174251
255 239 44.628748
255 247 3.917814
256 23306 6.178573
256 254 7.264675
257 2065 5.483361
257 23306 26.974769
258 260 50.639199
258 261 6.942202
259 39334 9.683647
259 30855 16.006057
260 258 50.639199
261 258 6.942202
261 36061 8.976086
262 296 15.478146
263 36032 3.733952
263 8717 9.404902
264 40840 5.007102
264 8850 2.579837
265 8716 8.355850
265 8719 5.312956
266 8721 5.471836
266 36028 6.517402
267 808 82.774057
267 888 76.973827
267 20284 11.004075
268 18504 20.473515
268 21773 11.630802
268 21598 12.649266
269 1864 29.150109
269 1867 9.530636
270 25195 3.308822
270 17395 1.799332
271 273 57.347363
271 22982 13.264894
272 42296 30.966778
272 282 18.982333
272 2741 4.040204
273 1874 11.248054
273 271 57.347363
274 2746 10.715918
274 2741 1.212433
275 14878 23.393241
275 14879 9.315297
276 2746 4.314385
276 2747 4.359095
277 1873 10.584669
277 38269 9.001670
278 2747 7.531637
278 10094 7.625644
279 38272 10.734837
279 1868 14.246664
280 2757 1.468125
280 10094 14.051947
281 14136 25.196731
281 14132 20.410649
281 1868 7.427947
282 272 18.982333
282 2757 3.723068
282 42277 18.912604
283 42323 2.791392
283 6259 3.046293
284 2762 10.045225
285 28656 4.574125
285 28652 5.223081
286 11418 24.605676
286 11419 3.446330
287 11419 4.035737
287 11420 16.075210
288 35213 28.366443
288 11423 23.805574
289 39752 3.810456
289 15339 3.811639
290 11421 47.222966
290 12591 5.555255
291 11422 5.712922
291 11423 23.241047
292 12558 40.396461
292 11430 5.055498
292 22965 5.197116
293 12544 6.474364
293 8936 7.150815
294 18192 8.032274
294 18228 7.382888
295 1872 7.124914
295 1869 9.458924
296 43230 3.213415
296 262 15.478146
297 19612 22.781730
297 19575 17.469449
298 18208 30.409895
298 19508 28.774269
299 18228 7.172852
299 19510 18.313743
300 28324 14.183221
300 12413 18.088795
301 28249 11.629251
301 21813 5.328211
302 9618 8.616742
302 9627 9.600403
303 29733 13.131308
303 29734 11.318788
304 22064 3.029967
304 12579 4.036855
305 15674 64.411265
305 28166 36.990339
306 38682 1.743328
306 40189 1.566205
307 13104 3.541829
307 13546 6.248963
307 883 7.408495
307 33388 11.458160
308 40770 38.193447
308 16973 17.224847
309 16984 45.822408
309 2036 106.682248
310 41448 16.243752
310 10272 13.611186
311 24848 2.691050
311 40678 31.016829
312 313 117.078721
312 5469 39.236564
313 312 117.078721
313 8975 60.919353
314 17195 64.858452
314 17197 42.235989
314 28391 63.861682
315 1154 17.279473
315 17197 47.352174
316 18024 45.234600
316 2017 118.967849
317 2017 30.279723
317 18028 32.808071
318 2016 33.478666
318 18036 31.398570
319 18152 136.627191
319 29145 32.773555
320 3024 8.115489
320 9438 11.863798
321 33859 15.156085
321 13102 4.337317
321 33870 9.641647
321 13547 7.033831
322 3024 8.119933
322 1766 8.087102
323 33985 49.623241
323 23843 8.504017
324 14909 24.341836
324 36143 3.458086
325 40185 1.534208
325 23493 1.230888
326 38585 3.693886
326 38593 3.616163
327 42848 14.467147
327 38585 4.725408
328 32238 9.507899
328 30887 17.077355
329 36476 10.155495
329 35351 10.681358
330 15314 6.495224
330 14134 6.963604
331 714 18.667105
331 717 22.068099
332 731 17.090025
332 726 20.617708
333 716 17.213849
333 334 14.620925
334 333 14.620925
334 341 16.411112
335 717 15.290856
335 718 12.136228
336 731 18.342282
336 36555 26.115057
337 720 16.602605
337 726 38.638077
338 4066 30.596747
338 42155 1.600380
339 720 15.504052
339 719 17.169259
340 36688 19.152603
340 6419 10.088673
341 334 16.411112
341 719 95.417150
342 25851 29.238920
342 343 22.975078
343 342 22.975078
343 25679 55.344044
344 25417 114.110714
344 25797 14.109909
345 28059 8.637127
345 26036 42.377957
346 28059 6.763889
346 25797 161.069713
347 713 15.424157
347 349 12.517755
348 41973 13.628733
348 27645 15.339142
349 714 18.359974
349 347 12.517755
350 24870 16.075210
350 4663 15.378483
351 24804 22.715128
351 39366 12.369911
352 28897 31.677659
352 37863 27.893887
353 29339 7.868361
353 29334 7.262192
354 42123 9.533947
354 19420 83.546731
355 21986 15.960071
355 21991 11.952028
356 362 33.552394
356 15931 29.005271
356 41444 10.992185
357 6922 6.107371
357 41995 8.630860
358 29330 9.273574
358 29325 6.263379
359 1736 70.493151
359 29187 22.176740
360 16186 32.464455
360 26380 15.827865
361 21977 17.327943
361 9031 13.356024
362 17153 24.456602
362 356 33.552394
363 42042 8.698513
363 15651 8.701104
364 21985 20.848246
364 41485 20.057430
365 20825 2.202699
365 20757 4.982728
366 41988 8.470014
366 15647 8.455628
367 368 4.113206
367 13063 3.727909
368 3020 14.083360
368 367 4.113206
369 39369 7.707399
369 17155 5.119315
370 13013 12.822047
370 7670 35.610393
371 4041 3.660778
371 4045 4.304968
372 37994 34.834592
372 20021 5.266926
373 37778 3.163920
373 39143 3.438471
374 41995 8.626679
374 15647 8.635038
375 376 3.579819
375 13097 3.374937
376 3405 4.420725
376 375 3.579819
377 21986 10.146611
377 5085 8.830222
378 13097 3.053685
378 4036 24.289912
379 11877 19.278149
379 11886 35.615584
380 32851 3.767614
380 4534 4.280809
381 16233 4.458306
381 383 8.852663
382 3344 4.858094
382 4417 17.654827
382 33590 7.642183
383 16235 20.010839
383 381 8.852663
384 21027 1.682786
384 20846 3.520119
385 14107 2.781683
385 32243 2.974394
386 40499 13.658477
386 21028 3.406852
387 16234 6.825606
387 23255 5.512886
388 389 12.897785
388 23255 3.981745
389 388 12.897785
389 437 8.731627
390 392 2.588561
390 28902 4.445138
391 39827 2.465437
391 16239 1.356373
392 16242 2.123484
392 390 2.588561
393 16698 15.118850
394 6672 15.462698
394 39826 3.731536
395 26265 18.350639
395 16698 17.949158
395 396 4.656196
396 395 4.656196
396 18316 3.560875
397 28346 6.508401
397 18317 3.035914
398 33872 6.908997
398 38304 27.386361
398 13189 59.207979
399 4187 11.460915
399 13335 16.245695
400 33478 4.404374
400 13335 7.245408
401 17394 0.827887
401 17395 0.890852
402 3588 3.454172
402 413 7.523250
403 13336 4.163329
403 28092 5.004399
404 7086 24.064239
404 4311 8.635560
405 3604 9.631353
405 6710 3.223222
406 30753 15.881902
406 30746 24.195423
407 16245 13.523110
407 17375 7.864349
408 21389 21.237602
408 22462 24.738728
409 416 9.255079
409 43270 7.622096
409 422 43.641811
410 417 24.163533
410 22458 21.707784
411 3611 7.237313
411 413 20.544312
411 3607 5.880173
412 16245 3.149636
412 2887 4.551395
413 402 7.523250
413 411 20.544312
414 6710 10.261066
414 13334 26.903129
415 43187 15.260156
415 16245 13.061413
416 409 9.255079
416 420 29.871921
417 410 24.163533
417 22459 39.787770
418 426 8.806701
418 16245 6.607415
419 3013 6.328553
419 13831 7.819498
420 416 29.871921
420 423 7.338167
421 17379 3.799791
421 32703 3.850481
422 409 43.641811
422 11902 29.627133
422 423 2.463608
423 424 2.516127
423 420 7.338167
423 422 2.463608
424 425 42.034047
424 423 2.516127
425 424 42.034047
425 427 60.181206
426 418 8.806701
426 43187 14.278912
426 429 3.831698
426 32703 3.618656
427 425 60.181206
427 20282 11.457373
428 2420 3.844621
428 2438 6.867756
429 426 3.831698
429 32700 5.162294
430 2521 6.620369
430 32779 59.543875
431 16684 56.197679
431 30782 135.920174
432 11729 5.573893
432 8314 2.670867
433 3698 54.260236
434 33092 11.349422
434 33093 13.561735
435 5177 84.992067
435 13743 19.458810
436 5176 8.657984
436 33091 8.319073
437 16242 8.354231
437 389 8.731627
438 14321 2.648828
438 3706 3.295166
439 32698 32.531473
439 11774 47.349603
439 2806 1.836538
440 17393 2.198601
440 2806 3.587369
441 4465 5.291695
441 39829 14.032038
442 36498 8.198409
442 15853 6.210601
443 37834 74.625592
443 2804 17.063355
443 11773 27.605295
444 2670 7.740093
444 24575 7.431588
445 2804 38.420161
445 2805 33.979861
445 11773 6.536055
446 4722 26.335314
446 16251 30.761217
447 13834 25.043793
447 16373 6.988167
447 13823 11.049874
448 3195 5.334977
448 25094 11.403328
449 37858 21.585716
449 37845 23.583489
450 5432 73.575893
450 32583 10.515857
450 12535 37.239399
451 17372 1.053214
451 42060 15.954137
451 37831 17.608793
452 37870 14.141512
452 37831 6.292110
453 6848 6.779870
453 3330 10.100734
453 3285 12.133255
453 41814 8.725944
454 28523 9.405381
454 17571 33.530750
454 17623 40.109463
455 19649 9.415923
455 6026 42.048741
455 17572 8.873014
456 26696 22.104848
456 27199 19.726471
457 33104 8.053578
457 42003 7.540014
458 6299 7.162157
458 5781 6.858558
459 27626 7.029984
459 7390 0.996002
460 19651 6.284939
460 32044 18.480413
461 36293 27.804996
461 17678 4.960052
462 480 7.700376
462 472 6.962956
463 576 62.447623
463 35218 26.607520
463 595 29.909032
464 483 6.669228
464 637 3.376273
465 467 4.997186
465 637 6.623092
466 633 3.508572
466 638 3.502140
467 465 4.997186
467 476 20.486946
467 628 8.888754
468 643 7.367603
468 485 5.236014
469 482 3.450253
469 630 3.445022
470 648 19.182010
470 641 5.077748
471 489 7.999647
472 462 6.962956
472 479 11.380370
473 14618 2.802677
473 634 2.793007
474 475 8.994654
474 645 6.688133
475 474 8.994654
475 39915 7.785980
475 646 6.274168
476 642 4.892316
476 467 20.486946
477 23170 11.811612
477 643 47.058250
477 23171 10.119466
478 632 37.591548
478 626 5.428815
478 644 9.197408
479 472 11.380370
479 3980 15.459782
480 462 7.700376
480 487 56.413906
481 488 19.651352
481 7675 9.450340
482 469 3.450253
482 647 3.439782
483 464 6.669228
483 652 5.578745
484 636 3.125203
484 639 3.120872
485 635 5.794428
485 468 5.236014
486 14617 2.874165
486 638 2.867883
487 480 56.413906
488 481 19.651352
488 489 28.397582
489 488 28.397582
489 628 34.557251
489 471 7.999647
490 627 14.723572
490 7675 6.592384
491 51 3.805720
491 5991 3.804535
492 10774 3.684107
492 3855 3.675530
493 26787 5.469363
493 5244 5.328211
494 18139 6.990102
494 43534 10.236868
495 496 31.500655
495 35220 62.436791
495 11014 77.422944
496 576 29.906469
496 595 62.436791
496 495 31.500655
497 35208 8.376869
497 5143 3.350802
498 29128 1.044616
498 36303 1.053214
499 29128 1.166951
499 36305 1.163080
500 19948 4.252274
500 30132 16.398468
500 19941 9.885497
501 42102 17.403504
501 1094 5.416342
502 1201 14.602718
502 1204 13.585985
503 36696 31.030346
503 504 4.744455
504 505 4.544455
504 503 4.744455
505 504 4.544455
505 506 5.584400
506 505 5.584400
506 507 3.491824
507 4776 2.448921
507 506 3.491824
508 13003 7.904383
508 19734 8.093790
509 4464 7.472130
510 513 9.155148
510 19733 10.271168
511 36388 70.001519
511 25222 10.907353
512 41090 4.544455
512 4 5.561745
513 516 8.719224
513 510 9.155148
514 36301 1.166951
514 36302 1.155300
515 13824 8.268510
515 13829 6.750543
516 513 8.719224
516 517 8.088217
517 13002 12.405946
517 516 8.088217
518 4000 3.169616
518 8465 3.325135
519 35800 15.916502
519 26995 10.299665
520 20553 2.848953
520 3998 2.933177
521 8465 3.373601
521 4002 3.458086
522 42122 19.062219
522 41103 13.619465
523 20464 23.352920
523 11393 5.596499
524 20974 30.787738
524 19502 12.834701
525 20464 13.483038
525 539 98.036599
525 14317 47.207017
526 13829 6.735162
526 542 7.194194
527 20881 18.564645
527 42826 14.461224
528 19979 6.219308
528 28238 7.204841
529 28224 8.516204
529 19979 7.376777
530 13592 6.421214
530 531 3.097668
531 530 3.097668
531 6650 4.977295
532 16017 11.003665
532 18131 36.222433
532 15125 27.358521
533 41529 7.399969
533 16020 68.300838
534 28083 9.848939
534 6716 10.645414
535 40832 91.673004
535 28196 29.072197
536 6761 7.686895
536 28108 21.584044
537 41892 11.723864
537 28191 7.882675
538 28090 29.909333
538 11540 3.478887
538 11558 10.580408
539 27995 22.455381
539 525 98.036599
540 14682 22.753408
540 27995 22.539362
541 14680 12.131768
541 14682 14.807858
542 13828 15.047100
542 526 7.194194
543 11193 7.424303
543 43237 3.746009
544 13474 11.289270
544 24427 5.418839
545 1888 73.973363
545 14088 87.027004
546 14603 9.005175
546 24427 1.489469
547 16602 115.113450
547 19535 16.314385
548 35409 16.461044
548 35413 7.896392
549 37816 15.179868
549 42132 26.467508
550 17242 1.669334
550 14351 4.191394
551 39329 13.674974
551 24418 9.081464
552 10225 11.756127
552 13806 8.683986
553 34322 10.846827
553 20118 10.805593
554 5464 75.077705
554 38236 48.507091
555 16283 31.146526
555 31614 8.963015
556 23472 3.772398
556 9181 5.489936
557 3867 14.138961
557 3868 44.673081
557 6503 53.539181
558 13084 36.284126
558 9725 24.577254
559 43529 51.872855
559 2745 9.135919
560 6308 4.315430
560 14149 38.211625
561 23023 6.984940
562 7334 12.988365
562 15526 77.839180
562 23023 7.909515
563 37345 32.242435
563 37327 64.873606
564 3984 13.322219
564 565 12.715752
565 15658 8.860809
565 564 12.715752
566 12376 26.984463
566 3628 5.461938
567 12376 112.047792
567 16506 8.753289
568 43344 8.459893
568 43391 47.961513
569 4192 11.396603
569 2246 104.026541
570 25098 35.872933
570 25126 6.336386
571 17193 6.497306
571 9778 7.044721
572 10224 70.298553
572 19570 7.841381
573 576 23.940813
574 4055 33.300268
574 33351 28.070341
575 12592 4.892316
575 29241 14.567473
575 40475 12.884143
575 13566 20.597797
575 40479 7.571048
576 496 29.906469
576 573 23.940813
576 463 62.447623
577 21382 7.202338
577 36519 7.277078
578 32201 25.035329
578 36519 39.439682
579 2288 11.360541
579 16457 10.641601
580 18676 11.283676
580 21357 8.905479
581 31489 7.898105
581 36262 4.514589
582 29514 5.395489
582 37270 37.656387
583 16731 37.912133
583 18452 67.702591
584 29514 14.147888
584 21941 37.793247
585 27722 11.787920
585 18054 18.439621
586 34089 25.605557
587 5093 20.123192
587 25238 11.119436
588 27113 14.422194
588 17398 1.894548
589 14673 2.796234
589 18770 4.623152
590 5243 6.483411
590 15381 9.619641
591 20257 20.468669
591 28671 53.652340
592 30376 5.140411
592 4071 11.968617
593 32816 17.050930
593 23925 40.756184
593 32134 5.451195
594 40497 26.399785
594 30274 60.100005
595 496 62.436791
595 35220 31.500798
595 463 29.909032
596 19402 7.677504
597 599 8.128813
598 11313 23.460993
598 4419 4.380764
599 21776 7.941944
599 597 8.128813
600 4500 4.316475
600 1950 5.674910
601 22521 3.723068
601 4500 7.262813
602 603 5.954849
602 1957 20.231801
603 22520 5.424661
603 602 5.954849
604 30364 30.850506
604 22525 28.985365
605 3233 6.091106
605 28125 4.204284
606 4192 12.401584
606 30364 151.658581
607 21265 68.475435
607 21068 16.753469
607 21261 15.391965
608 1408 5.546320
608 11918 8.096018
609 5289 16.037860
609 42297 27.746878
610 29712 13.716787
610 31436 46.740487
611 41571 9.662203
611 17509 16.396268
612 25261 35.817961
612 901 13.960516
613 25856 3.680434
613 130 20.895343
614 937 13.741092
614 25741 18.033870
615 31792 50.065525
615 25539 12.256754
616 994 14.659733
616 996 5.417174
617 1026 22.811993
617 1030 34.921213
618 1048 10.737777
618 1057 10.837678
619 30762 2.050015
619 40180 83.737682
620 30850 53.390237
620 30859 17.278169
621 30906 9.331741
621 20293 10.602971
622 1837 13.673655
622 26343 32.826209
623 5210 39.261035
623 5189 17.866063
623 26786 23.947781
624 30924 13.523777
624 30911 21.811398
625 30956 4.563268
625 30958 12.502977
626 478 5.428815
626 639 7.117316
627 14320 20.407998
627 490 14.723572
627 32582 11.017998
628 489 34.557251
628 467 8.888754
629 641 5.025081
629 650 3.499564
629 649 3.437159
630 649 3.442403
630 469 3.445022
631 30035 16.844999
631 23806 25.702055
632 3980 75.632295
632 478 37.591548
633 466 3.508572
633 650 3.504714
634 473 2.793007
634 645 2.794621
635 485 5.794428
636 484 3.125203
636 647 3.116534
637 464 3.376273
637 465 6.623092
638 640 16.136244
638 466 3.502140
638 486 2.867883
639 626 7.117316
639 14619 1.786758
639 484 3.120872
640 651 9.383782
640 638 16.136244
641 629 5.025081
641 470 5.077748
642 648 4.716812
642 476 4.892316
643 468 7.367603
643 477 47.058250
644 478 9.197408
644 647 5.800650
645 14617 2.874165
645 474 6.688133
645 634 2.794621
646 475 6.274168
646 39916 6.959070
647 644 5.800650
647 482 3.439782
647 636 3.116534
648 642 4.716812
648 470 19.182010
649 629 3.437159
649 630 3.442403
650 633 3.504714
650 629 3.499564
651 640 9.383782
651 652 9.729637
652 483 5.578745
652 651 9.729637
653 19921 15.204206
653 19945 12.352036
653 2127 4.622177
654 10353 47.615694
654 16924 43.099406
654 18157 61.067950
655 31616 34.914368
655 5727 15.274923
656 6242 11.834496
656 8303 8.687620
657 6030 37.400700
657 14510 7.747080
658 32458 32.489169
658 14510 34.573688
659 17193 4.548422
659 32134 4.518583
660 39760 4.780434
660 28159 5.983555
661 27058 9.222378
661 22082 14.203871
661 12998 11.870258
662 28154 3.619902
662 663 2.202699
663 21105 2.310601
663 662 2.202699
664 28147 1.934586
664 21108 1.784232
665 1888 19.254277
665 1885 19.874496
665 11391 15.011697
666 21112 2.007788
666 21111 1.987472
667 21110 2.202699
667 21111 2.041197
668 12572 20.204146
668 12573 65.157063
669 5154 6.780535
669 670 8.044615
670 12569 8.352611
670 669 8.044615
671 8298 23.704020
671 21091 10.495255
672 673 8.956473
672 12573 9.815919
673 672 8.956473
673 3517 10.836013
674 35147 13.460612
674 29067 2.194495
675 28488 17.796774
675 11607 8.409105
675 36 9.263358
675 5983 13.750933
676 25064 3.074289
676 25673 4.189242
676 6066 12.613210
676 20407 8.331530
677 38945 9.517853
677 27499 21.691368
677 29124 23.265287
678 17232 21.786575
678 21441 23.220860
678 34680 32.845297
679 20401 13.309012
679 16227 23.959076
680 25578 40.109913
680 39556 8.508788
680 40237 23.582341
680 38901 6.192424
681 37826 38.220356
681 39556 161.241959
681 21314 42.192514
682 21107 1.989740
682 21108 1.594735
683 41593 3.999824
683 41594 15.834986
683 28892 42.629706
683 14295 30.524744
684 19473 6.191695
684 32333 7.290698
685 38560 17.205464
685 40161 14.394968
685 38557 8.316904
685 40169 7.817191
686 25576 16.523382
686 25578 9.269683
686 21299 15.200054
686 25575 7.357804
687 16252 2.463608
687 42559 2.793007
688 14641 9.364541
688 31189 26.041744
689 34954 19.052281
689 36348 23.275557
690 16216 17.752887
690 10550 9.344296
691 10550 10.020506
691 41982 50.374309
692 6920 16.253465
692 21336 22.728226
692 28380 50.869038
693 31073 10.249634
693 31074 10.775924
694 21188 16.997957
694 33485 65.795122
695 32654 14.919498
695 13558 26.738199
696 34680 41.380818
696 17225 21.736846
696 34690 33.106474
697 34690 16.333445
697 33189 15.520912
698 7858 6.371868
698 36501 7.570452
699 34952 19.465298
699 35855 23.621316
700 20252 9.175319
700 739 142.428498
700 11900 18.864860
701 35635 3.322422
701 41213 2.885127
701 9206 14.500148
702 20233 14.985842
702 40118 23.443881
703 11840 29.496258
703 20365 31.365953
704 33514 16.572430
704 20221 16.919786
705 9243 18.584794
705 26644 10.821022
705 7230 16.295856
706 3553 53.999748
706 707 30.781000
707 706 30.781000
707 708 18.021864
708 3552 47.256947
708 707 18.021864
709 3552 10.281699
709 710 19.127867
710 3554 12.049346
710 709 19.127867
711 712 14.003408
711 3554 18.018611
712 25535 50.199364
712 711 14.003408
713 347 15.424157
713 25535 33.695084
714 331 18.667105
714 349 18.359974
715 21144 29.803008
715 739 9.717580
715 926 39.957970
716 333 17.213849
716 718 36.019075
717 331 22.068099
717 335 15.290856
718 716 36.019075
718 335 12.136228
719 339 17.169259
719 341 95.417150
720 337 16.602605
720 339 15.504052
721 724 73.249433
721 34949 7.449163
722 725 8.025534
722 34949 7.534629
723 724 3.322422
724 721 73.249433
724 723 3.322422
725 722 8.025534
725 727 7.985543
726 337 38.638077
726 332 20.617708
727 728 8.805677
727 725 7.985543
728 729 64.376252
728 727 8.805677
729 728 64.376252
729 25537 31.753296
730 29748 43.769537
730 5750 11.476641
731 336 18.342282
731 332 17.090025
732 986 4.341474
732 26052 9.831984
733 21700 14.653580
733 9844 13.841469
734 737 11.994585
734 27124 21.643294
735 25821 10.386421
735 25670 11.928237
736 9248 13.887976
736 8154 11.013086
737 27125 14.696597
737 734 11.994585
738 9233 23.877444
738 32443 8.682947
739 715 9.717580
739 700 142.428498
739 21150 12.690195
740 8144 15.458032
740 8153 17.896576
741 8144 19.712522
741 8146 14.768218
742 25903 12.338156
743 744 10.459103
743 41647 54.715311
744 28417 8.738853
744 39654 58.366388
744 743 10.459103
745 33408 22.449356
745 28414 57.539291
745 41647 14.978318
746 9258 14.632948
746 8146 16.067635
747 31402 34.985200
747 749 75.926008
747 25334 16.945883
748 40092 135.032091
748 25342 42.442920
749 747 75.926008
749 750 12.337790
750 749 12.337790
750 30335 7.041520
751 798 9.464167
751 23071 8.614649
752 8140 27.121474
752 5630 7.270879
753 33448 5.326518
753 33461 7.106537
753 31454 84.088634
754 755 13.754540
754 10943 44.846559
755 754 13.754540
755 757 14.165406
756 29721 6.027105
756 11382 9.279407
757 755 14.165406
757 763 15.743025
758 762 3.553269
758 13509 3.353492
759 26909 12.125820
759 27271 12.845237
760 29585 4.037971
760 29586 3.778370
761 31449 17.372125
761 11382 7.358417
762 768 4.261807
762 758 3.553269
763 769 12.059446
763 757 15.743025
764 5656 9.762024
764 5655 9.899172
765 8140 25.981417
765 767 15.641591
766 23571 13.993100
766 3542 35.960062
767 771 72.959777
767 765 15.641591
768 29056 79.894777
768 762 4.261807
769 763 12.059446
769 1319 30.565635
770 773 17.778776
770 1319 18.748093
771 772 36.344100
771 767 72.959777
772 771 36.344100
772 774 17.898087
773 1320 14.284910
773 770 17.778776
774 772 17.898087
774 775 16.739737
775 777 12.559112
775 774 16.739737
776 1320 13.904525
776 779 53.923372
777 778 12.386304
777 775 12.559112
778 777 12.386304
778 8142 23.745833
779 776 53.923372
779 784 19.876538
780 781 16.284784
780 8142 14.060609
781 780 16.284784
781 782 14.900445
782 781 14.900445
782 783 18.386725
783 785 22.021053
783 782 18.386725
784 1321 27.138759
784 779 19.876538
785 786 20.407777
785 783 22.021053
786 785 20.407777
786 787 13.730259
787 786 13.730259
787 797 43.736764
788 1321 11.488422
788 790 15.406606
789 26009 11.132405
789 25982 9.249718
790 793 17.873885
790 788 15.406606
791 25982 7.549576
791 25614 8.590537
792 794 37.346286
792 25615 39.656202
793 818 40.237420
793 790 17.873885
794 792 37.346286
794 15550 127.595782
795 25614 12.156275
795 17710 2.897603
795 799 3.013553
796 800 2.899159
796 17708 2.894489
797 787 43.736764
797 9270 12.209572
798 2832 27.953635
798 751 9.464167
799 802 3.009060
799 795 3.013553
800 803 2.902268
800 796 2.899159
801 32718 10.057786
801 5750 10.685578
802 17711 3.003060
802 799 3.009060
803 800 2.902268
803 807 2.894489
804 5736 52.653331
804 5733 22.886786
805 17712 3.006062
805 5738 3.047773
805 813 28.613506
806 14045 11.372839
806 32718 10.146611
807 17707 2.948510
807 803 2.894489
808 267 82.774057
808 40447 63.848477
809 21826 56.371687
809 40443 9.225800
810 40443 8.884187
810 20285 9.248255
811 21826 58.201522
811 32124 13.374917
811 19798 84.271294
812 8757 127.622849
812 27191 25.035509
813 819 26.477217
813 805 28.613506
814 17713 3.052208
814 5738 3.053685
815 2987 9.129994
815 23045 5.783523
816 37968 11.468781
816 17714 3.053685
816 17707 2.937785
817 8149 18.474557
817 9270 22.540562
818 793 40.237420
818 822 21.601168
819 813 26.477217
819 823 38.111543
820 37968 9.020685
820 37983 11.084506
821 13529 16.339518
821 14403 16.063144
822 825 18.478949
822 818 21.601168
823 824 20.356229
823 819 38.111543
824 827 24.121322
824 823 20.356229
825 33932 35.159923
825 822 18.478949
826 5784 13.956962
826 25652 9.955948
827 824 24.121322
828 6816 15.600890
828 829 15.427957
829 6476 21.961591
829 828 15.427957
830 31789 18.058357
830 831 22.230760
831 830 22.230760
831 39991 13.109312
832 16011 26.629711
832 16007 14.777985
833 22733 10.993825
833 2798 5.699489
834 5400 53.167736
834 5323 75.683789
835 33932 16.017040
835 31415 23.603747
836 22267 3.695107
836 6454 1.408560
837 840 27.748991
837 31748 25.905811
837 31773 33.408555
838 24930 3.295166
838 28348 8.466286
839 843 13.018534
839 22494 25.827190
840 842 10.494825
840 837 27.748991
841 31785 29.998001
841 17269 29.159544
842 840 10.494825
842 17263 6.595803
843 17706 11.824585
843 839 13.018534
844 853 62.567157
844 17263 6.625135
845 20608 14.582942
845 847 14.933998
846 25220 9.154655
846 16015 11.039667
847 851 18.149021
847 845 14.933998
848 32677 3.862174
848 34558 12.341810
849 31772 22.460601
849 29709 16.916321
849 37910 27.778875
850 40296 11.777587
851 854 12.972733
851 847 18.149021
852 22634 30.835155
852 22733 8.756380
853 856 10.639482
853 844 62.567157
854 851 12.972733
854 862 15.297047
855 31745 15.496198
855 31778 11.258472
856 17528 7.806224
856 853 10.639482
857 17638 24.788802
857 28454 8.600504
858 17528 17.552366
858 17264 5.309560
859 5705 26.937132
859 35367 19.302460
859 5961 19.692153
860 34980 19.423787
860 29709 25.621753
861 35370 10.976175
861 35371 10.626760
862 865 18.693899
862 854 15.297047
863 26194 10.182987
863 16015 10.049713
864 36381 3.316988
864 26831 8.906997
865 5312 11.521736
865 866 7.174737
865 862 18.693899
866 865 7.174737
866 868 5.378748
867 15260 48.876684
868 866 5.378748
868 29767 34.687360
869 873 3.731536
869 870 3.736367
870 874 3.727909
870 869 3.736367
871 25891 21.597619
871 29717 5.148300
872 17537 16.887775
872 17638 21.968160
873 869 3.731536
873 879 3.733952
874 881 3.781949
874 870 3.727909
875 31213 11.480570
875 878 7.317861
876 13843 5.915342
876 26711 33.811177
877 1665 39.508906
877 882 3.517557
877 879 3.733952
878 13544 9.171879
878 875 7.317861
879 873 3.733952
879 877 3.733952
880 13841 13.506428
880 13842 6.233068
881 874 3.781949
881 885 3.762824
882 884 3.523960
882 877 3.517557
883 33859 120.275690
883 307 7.408495
884 882 3.523960
884 885 3.534182
885 881 3.762824
885 884 3.534182
885 23509 6.809071
886 25177 10.027253
886 887 8.548969
887 25790 8.505078
887 886 8.548969
888 267 76.973827
888 21014 157.573889
888 30175 155.518798
889 25786 16.597987
889 29303 15.762776
890 892 8.694883
890 1660 7.563897
891 6016 17.178449
891 17266 5.779623
892 890 8.694883
892 25343 8.818470
893 34214 24.477059
893 15830 17.858489
894 27608 13.929150
894 25786 14.736736
895 897 11.802065
895 38930 9.019185
895 22107 11.266079
896 898 14.936413
896 22107 11.298453
897 899 16.616722
897 895 11.802065
898 896 14.936413
898 25395 16.343657
899 897 16.616722
899 16036 22.105868
900 902 6.865129
900 25343 26.090181
901 904 18.790856
901 612 13.960516
902 30563 4.825498
902 900 6.865129
903 31793 22.146220
903 31758 45.399675
903 34214 50.574957
904 921 106.895191
904 30563 5.848648
904 901 18.790856
904 25791 19.793789
905 35362 5.631839
905 26884 20.975037
906 17272 18.252579
906 25313 14.159357
907 25624 38.440695
907 30562 45.034890
908 35363 24.267996
908 26884 8.728527
909 32227 16.891780
909 8676 10.446161
909 3614 42.153809
910 3520 41.864748
910 39690 52.846692
910 3550 26.703943
911 41250 7.038317
911 4746 7.041520
912 914 19.381723
913 914 5.292547
913 933 115.488222
913 6062 4.176306
914 912 19.381723
914 913 5.292547
915 25313 18.830408
915 917 20.382351
916 22106 9.313361
916 42763 37.081774
916 37917 27.145737
917 915 20.382351
917 26031 28.964667
918 25624 27.921516
918 919 33.748304
919 24732 5.854042
919 918 33.748304
920 921 3.692665
920 24732 6.159568
921 904 106.895191
921 920 3.692665
921 25292 10.312353
922 35360 11.998719
922 35359 10.562920
923 32719 12.488904
923 26031 18.392855
924 40834 34.329588
925 928 17.051459
925 25292 12.047101
926 715 39.957970
927 14412 13.479359
927 24948 27.547901
928 925 17.051459
928 934 16.351931
929 19624 6.658401
929 31777 21.970418
929 25644 26.774770
930 25771 12.136599
930 25879 10.320221
931 933 10.982335
931 6103 6.311429
932 26115 14.703652
932 26116 17.351348
933 913 115.488222
933 931 10.982335
933 935 13.148809
934 928 16.351931
934 936 10.016905
935 933 13.148809
936 11397 12.880293
936 934 10.016905
937 940 22.033131
937 40022 111.363942
937 614 13.741092
938 35352 16.044606
938 35350 23.706302
939 31782 15.538334
939 5535 3.969269
940 937 22.033131
940 1802 13.970525
941 7549 13.945327
941 6943 8.688139
942 11048 8.920150
942 7521 14.085921
943 6904 3.733952
943 7521 3.024009
944 7464 3.491824
944 22885 4.738749
945 7464 3.032942
945 19408 2.560538
946 24897 13.691452
946 24898 10.341172
947 4377 3.826987
947 21694 3.839926
948 30176 60.881740
948 2628 11.696524
948 26006 112.880593
949 24897 12.718589
949 25387 11.955423
950 23319 4.854380
951 18292 19.014849
951 39006 22.746669
952 38768 60.140582
952 19866 8.745043
953 17889 5.372037
953 21698 5.001696
954 21704 4.947308
954 21710 4.931789
955 27072 9.066059
955 15601 5.850189
955 27073 7.683375
956 27067 7.875235
956 36741 9.675727
957 27066 5.282314
957 35564 4.740652
958 21713 5.223944
958 21709 5.413844
959 7657 8.560565
959 2007 22.476456
960 16394 1.281149
960 16378 38.179041
960 32606 3.446330
960 16391 5.767127
961 11398 11.211514
961 11399 13.709882
962 25250 15.933208
962 25420 10.051059
963 30176 6.537435
963 25979 63.829759
963 973 51.069685
964 11398 10.868838
964 965 18.268630
964 966 15.286432
965 25788 8.623019
965 964 18.268630
966 11401 6.955181
966 26027 88.716008
966 964 15.286432
966 967 3.384277
967 25876 5.777282
967 966 3.384277
968 25888 9.881848
968 25973 10.276874
969 11400 9.368874
969 25787 13.333722
969 974 20.651361
970 31786 37.332519
970 31764 12.697299
971 11400 10.853061
971 25796 26.419079
972 21708 4.849733
972 21711 5.294251
973 976 27.515308
973 963 51.069685
974 969 20.651361
974 25630 34.306857
975 977 18.469186
975 25796 28.001181
976 979 13.281201
976 973 27.515308
977 978 10.026804
977 975 18.469186
978 977 10.026804
978 981 8.928235
979 976 13.281201
979 984 57.572665
979 25892 59.994949
980 29432 28.664677
980 19865 107.602290
980 29450 47.251889
981 25441 14.190532
981 978 8.928235
981 982 29.771218
982 981 29.771218
982 11405 19.856110
983 20277 26.772412
983 3182 53.986803
984 985 18.247637
984 979 57.572665
985 984 18.247637
985 26889 13.576024
986 25537 5.261786
986 732 4.341474
987 26889 12.235397
987 989 10.085097
988 6315 62.528660
988 33062 13.285614
989 41576 21.198074
989 987 10.085097
990 11402 12.260064
990 11403 12.907570
991 992 26.835833
991 998 46.897570
992 993 43.210269
992 991 26.835833
993 992 43.210269
993 32729 6.249685
994 616 14.659733
994 32729 26.345585
995 11402 12.405219
995 1005 41.120766
995 25597 42.466180
996 616 5.417174
996 999 20.686268
997 31802 19.605636
997 1002 20.686486
998 1007 60.041304
998 991 46.897570
999 1004 16.178107
999 996 20.686268
1000 41576 31.608688
1000 1001 7.278318
1001 1000 7.278318
1001 1003 6.861187
1002 997 20.686486
